MEMORY
  total            13.4 MB
  struct          159.0 KB
  buffer          286.9 KB
  arena            13.0 MB, used 0.2%

SIZES
  narena                13631488
  nbuffer               293760
  nplugin               0
  maxuse_stack          1176
  maxuse_arena          29584
  maxuse_con            1
  maxuse_efc            4
  ncon                  1
  ne                    0
  nf                    0
  nl                    0
  nefc                  4
  nJ                    24
  nA                    0
  nisland               0
  threadpool            0

TIMER
    0:  duration =  0.023      number = 1
    1:  duration =  0.051      number = 2
    2:  duration =  0          number = 0
    3:  duration =  0.038      number = 2
    4:  duration =  0.0028     number = 2
    5:  duration =  0.0008     number = 2
    6:  duration =  0.0061     number = 2
    7:  duration =  0.0019     number = 1
    8:  duration =  0.006      number = 2
    9:  duration =  0.0016     number = 4
    10:  duration =  0.025      number = 2
    11:  duration =  0.0042     number = 2
    12:  duration =  0.0002     number = 2
    13:  duration =  0.0038     number = 2
    14:  duration =  0.009      number = 2

SOLVER STAT
  solver_fwdinv =   0         0       
  ISLAND 0
    solver_niter = 1
    solver_nnz = 36
      0:  improvement =  0           gradient =  4.7e-18     lineslope =  0       
          nactive = 4   nchange = 0   neval = 2   nupdate = 0

ENERGY =   0         0       

TIME =  5.5     

QPOS
   0.29    
  -1.3     
  -0.56    
  -0.17    
   0.13    
  -3.8e-10 

QVEL
  -0.01    
  -0.031   
  -0.0092  
  -0.0059  
   0.0071  
   4.4e-10 

QACC_WARMSTART
   0.052   
   0.013   
  -0.0062  
   0.003   
  -0.0047  
  -1.5e-05 

CTRL
   0.29    
  -1.3     
  -0.56    
  -0.17    
   0.13    
  -2.1e-17 

QFRC_APPLIED
   0       
   0       
   0       
   0       
   0       
   0       

XFRC_APPLIED
   0         0         0         0         0         0       
   0         0         0         0         0         0       
   0         0         0         0         0         0       
   0         0         0         0         0         0       
   0         0         0         0         0         0       
   0         0         0         0         0         0       
   0         0         0         0         0         0       
   0         0         0         0         0         0       

QACC
   0.052   
   0.013   
  -0.0062  
   0.003   
  -0.0047  
  -1.5e-05 

SENSOR
  -1.8     
   0.23    
   0.88    
  -0.007   
   3.1e-06 
  -0.014   
  -0.015   
  -0.29    
   1.4     
   0       

XPOS
   0         0         0       
   0         0         0       
   0         0         0.18    
   0.05     -0.17      0.18    
  -0.14     -0.083     0.77    
   0.016    -0.036     1.3     
   0.055    -0.17      1.3     
  -0.049    -0.2       1.4     

XQUAT
   1         0         0         0       
   0         0         0        -1       
   0.14      0         0        -0.99    
   0.14      0.13      0.019    -0.98    
   0.14     -0.14     -0.021    -0.98    
   0.12      0.52      0.076    -0.84    
   0.18      0.53      0.041    -0.83    
   0.18      0.53      0.041    -0.83    

XMAT
   1         0         0         0         1         0         0         0         1       
  -1         0         0         0        -1        -0        -0         0         1       
  -0.96      0.28      0        -0.28     -0.96     -0        -0         0         1       
  -0.93      0.28     -0.25     -0.27     -0.96     -0.074    -0.26      6.9e-18   0.97    
  -0.92      0.28      0.28     -0.27     -0.96      0.082     0.29      1.4e-17   0.96    
  -0.43      0.28     -0.86     -0.13     -0.96     -0.25     -0.9       0         0.44    
  -0.38      0.34     -0.86     -0.25     -0.93     -0.25     -0.89      0.12      0.44    
  -0.38      0.34     -0.86     -0.25     -0.93     -0.25     -0.89      0.12      0.44    

XIPOS
   0         0         0       
   0         0         0       
   0         0         0.18    
  -0.027    -0.19      0.48    
  -0.063    -0.059     1       
   0.055    -0.17      1.3     
  -0.049    -0.2       1.4     
  -0.018    -0.28      1.4     

XIMAT
   1         0         0         0         1         0         0         0         1       
  -1         0         0         0        -1        -0        -0         0         1       
  -0.96      0.28      0        -0.28     -0.96     -0        -0         0         1       
  -0.93      0.28     -0.25     -0.27     -0.96     -0.074    -0.26      6.9e-18   0.97    
  -0.92      0.28      0.28     -0.27     -0.96      0.082     0.29      1.4e-17   0.96    
  -0.86      0.43     -0.28     -0.25      0.13      0.96      0.44      0.9       2.2e-16 
  -0.86      0.38     -0.34     -0.25      0.25      0.93      0.44      0.89     -0.12    
  -0.34      0.38      0.86      0.93      0.25      0.25     -0.12      0.89     -0.44    

XANCHOR
   0         0         0.18    
   0.05     -0.17      0.18    
  -0.14     -0.083     0.77    
   0.016    -0.036     1.3     
   0.055    -0.17      1.3     
  -0.049    -0.2       1.4     

XAXIS
   0         0         1       
   0.28     -0.96      0       
   0.28     -0.96      6.9e-18 
   0.28     -0.96      2.8e-17 
  -0.86     -0.25      0.44    
   0.34     -0.93      0.12    

GEOM_XPOS
   0         0         0       
   0.024     0.87      0.53    
   3.1e-06   5e-07     0.094   
   1.4e-07  -2.6e-06   0.031   
  -0.0031    0.01      0.25    
   0.025    -0.085     0.18    
   0.00048  -0.0016    0.16    
   0         0         0.13    
  -0.06     -0.17      0.58    
  -0.017    -0.17      0.41    
  -0.003    -0.24      0.45    
  -0.026    -0.19      0.47    
   0.036    -0.12      0.18    
  -0.025    -0.19      0.47    
   0.0064    0.0032    1.3     
  -0.028    -0.074     1.1     
  -0.069    -0.074     1       
  -0.065    -0.06      1       
  -0.12     -0.16      0.77    
  -0.062    -0.059     1.1     
   0.0027   -0.18      1.3     
   0.091    -0.16      1.3     
   0.035    -0.16      1.3     
   0.033    -0.093     1.3     
  -0.027    -0.25      1.4     
  -0.067    -0.16      1.4     
  -0.038    -0.22      1.4     
   0.012    -0.18      1.3     
  -0.039    -0.22      1.4     
  -0.016    -0.29      1.4     
  -0.016    -0.29      1.4     
  -0.015    -0.29      1.4     

GEOM_XMAT
   1         0         0         0         1         0         0         0         1       
  -0.015    -0.54      0.84      0.3      -0.81     -0.51      0.95      0.25      0.17    
   0         0.95      0.3       0        -0.3       0.95      1         0         0       
   2.5e-06   0.86     -0.52      4e-05     0.52      0.86      1        -2.3e-05  -3.3e-05 
  -0.071    -0.27     -0.96      0.24      0.93     -0.28      0.97     -0.25     -0.0023  
   0.28      0.82      0.49     -0.96      0.24      0.14      4.8e-06  -0.51      0.86    
   0.23      0.96      0.18     -0.78      0.29     -0.56     -0.58     -0.013     0.81    
  -0.96      0.28      0        -0.28     -0.96     -0        -0         0         1       
   0.28      0.92     -0.28     -0.95      0.3       0.045     0.13      0.26      0.96    
   0.34      0.91     -0.25     -0.94      0.33     -0.075     0.013     0.26      0.97    
   0.29      0.92     -0.26     -0.96      0.28     -0.044     0.033     0.26      0.96    
  -0.4       0.88     -0.25     -0.9      -0.43     -0.073    -0.17      0.19      0.97    
  -0.93     -0.25     -0.28     -0.27     -0.074     0.96     -0.26      0.97     -1.1e-16 
  -0.93      0.28     -0.25     -0.27     -0.96     -0.074    -0.26      6.9e-18   0.97    
   0.19      0.91      0.37     -0.94      0.28     -0.2      -0.28     -0.31      0.91    
  -0.92      0.24      0.31     -0.26     -0.97     -0.03      0.29     -0.11      0.95    
   0.28      0.92      0.28     -0.96      0.28      0.06     -0.023    -0.29      0.96    
   0.61      0.75      0.28     -0.79      0.61      0.082    -0.11     -0.27      0.96    
  -0.92      0.28     -0.28     -0.27      0.082     0.96      0.29      0.96     -1.7e-16 
  -0.92      0.28      0.28     -0.27     -0.96      0.082     0.29      1.4e-17   0.96    
  -0.86      0.43     -0.28     -0.25      0.13      0.96      0.44      0.9       2.8e-05 
  -0.9       0.43     -0.0079    0.042     0.11      0.99      0.42      0.9      -0.12    
  -0.85      0.42      0.31      0.4       0.13      0.91      0.35      0.9      -0.28    
  -0.43     -0.86     -0.28     -0.13     -0.25      0.96     -0.9       0.44     -5.6e-17 
   0.34     -0.27     -0.9      -0.93      0.024    -0.36      0.12      0.96     -0.24    
   0.58      0.39     -0.72     -0.82      0.26     -0.52     -0.02      0.88      0.47    
   0.85      0.38     -0.37     -0.48      0.25     -0.84     -0.23      0.89      0.4     
  -0.38      0.34     -0.86     -0.25     -0.93     -0.25     -0.89      0.12      0.44    
  -0.38     -0.86     -0.34     -0.25     -0.25      0.93     -0.89      0.44     -0.12    
   0.34      0.34     -0.88     -0.93      0.24     -0.27      0.12      0.91      0.4     
  -0.38     -0.86     -0.34     -0.25     -0.25      0.93     -0.89      0.44     -0.12    
  -0.38      0.34     -0.86     -0.25     -0.93     -0.25     -0.89      0.12      0.44    

SITE_XPOS
  -0.015    -0.29      1.4     

SITE_XMAT
  -0.38      0.34     -0.86     -0.25     -0.93     -0.25     -0.89      0.12      0.44    

LIGHT_XPOS
   0        -1         2       
   0         0         1.5     

LIGHT_XDIR
  -0.045     0.79     -0.62    
   0         0        -1       

SUBTREE_COM
  -0.018    -0.11      0.53    
  -0.018    -0.11      0.53    
  -0.02     -0.12      0.6     
  -0.028    -0.17      0.75    
  -0.029    -0.12      1.2     
   0.002    -0.19      1.3     
  -0.046    -0.2       1.4     
  -0.018    -0.28      1.4     

CDOF
   0         0         1         0.11     -0.018     0       
   0.28     -0.96      0        -0.33     -0.098    -0.047   
   0.28     -0.96      6.9e-18   0.24      0.07      0.11    
   0.28     -0.96      2.8e-17   0.76      0.23     -0.053   
  -0.86     -0.25      0.44      0.18     -0.71     -0.069   
   0.34     -0.93      0.12      0.78      0.29      0.059   

CINERT
   0         0         0         0         0         0         0         0         0         0       
   1.2       1.1       0.058    -0.0075    0.037     0.22      0.071     0.42     -2.1       4       
   1         0.96      0.11     -0.015     0.047     0.28      0.14      0.82     -2.7       7.8     
   0.52      0.45      0.16     -0.017     0.088    -0.026    -0.11     -1.1      -0.63      13      
   1.2       1.2       0.036     0.0059    0.064    -0.1      -0.17      0.18      2         3.9     
   1.2       1.3       0.022     0.0085   -0.11      0.092     0.14     -0.12      1.6       2       
   1.4       1.4       0.023    -0.0053    0.051     0.15     -0.06     -0.18      1.7       2       
   0.16      0.15      0.0064   -1.5e-05  -1.8e-05   0.03      2.3e-05  -0.035     0.17      0.2     

ACTUATOR_LENGTH
   0.29    
  -1.3     
  -0.56    
  -0.17    
   0.13    
  -3.8e-10 

actuator_moment
--------
 x      |
  x     |
   x    |
    x   |
     x  |
      x |
--------

ACTUATOR_MOMENT
     0:  1       
     1:  1       
     2:  1       
     3:  1       
     4:  1       
     5:  1       

CRB
   0         0         0         0         0         0         0         0         0         0       
   6.7       6.5       0.41     -0.03      0.17      0.65     -1.4e-16  -5.6e-16   2.7e-15   33      
   5.6       5.4       0.36     -0.022     0.14      0.43     -0.071    -0.42      2.1       29      
   4.5       4.4       0.24     -0.0079    0.09      0.14     -0.21     -1.2       4.8       21      
   4         4         0.087     0.009     0.0029    0.17     -0.093    -0.15      5.4       8       
   2.8       2.8       0.052     0.0031   -0.062     0.27      0.081    -0.33      3.4       4.1     
   1.6       1.6       0.029    -0.0054    0.051     0.18     -0.06     -0.21      1.8       2.2     
   0.16      0.15      0.0064   -1.5e-05  -1.8e-05   0.03      2.3e-05  -0.035     0.17      0.2     

QM
   0.88    
  -1.7       10      
  -0.46      3.8       2       
  -0.022     0.17      0.067     0.14    
   0.0044   -0.011    -0.004    -0.0022    0.11    
   2.4e-05   0.0002    0.0002    0.0002    1e-17     0.1     

QLD
     0:  0.58    
     0: -0.24       1:  3.2     
     0: -0.24       1:  1.9        2:  1.9     
     0: -0.15       1:  1.2        2:  0.48       3:  0.14    
     0:  0.041      1: -0.11       2: -0.037      3: -0.021      4:  0.11    
     0:  0.00024    1:  0.002      2:  0.002      3:  0.002      4:  1e-16      5:  0.1     

QLDIAGINV
   1.7     
   0.32    
   0.52    
   7.1     
   9.3     
   10      

QH
     0:  1.7     
     0: -0.16       1:  6.7     
     0: -0.16       1:  1.3        2:  3       
     0: -0.019      1:  0.15       2:  0.059      3:  1.1     
     0:  0.004      1: -0.01       2: -0.0036     3: -0.002      4:  1.1     
     0:  2.2e-05    1:  0.00018    2:  0.00018    3:  0.00018    4:  9.3e-18    5:  1.1     

QHDIAGINV
   0.6     
   0.15    
   0.34    
   0.87    
   0.9     
   0.91    

B: body-dof matrix
--------
 xxxxxx |
 xxxxxx |
 xxxxxx |
 xxxxxx |
 xxxxxx |
 xxxxxx |
 xxxxxx |
 xxxxxx |
--------

B_rownnz              6 6 6 6 6 6 6 6

B_rowadr              0 6 12 18 24 30 36 42

B_colind              0 1 2 3 4 5 0 1 2 3 4 5 0 1 2 3 4 5 0 1 2 3 4 5 0 1 2 3 4 5 0 1 2 3 4 5 0 1 2 3 4 5 0 1 2 3 4 5

M: inertia matrix
--------
 x      |
 xx     |
 xxx    |
 xxxx   |
 xxxxx  |
 xxxxxx |
--------

M_rownnz              1 2 3 4 5 6

M_rowadr              0 1 3 6 10 15

M_colind              0 0 1 0 1 2 0 1 2 3 0 1 2 3 4 0 1 2 3 4 5

mapM2M                0 2 1 5 4 3 9 8 7 6 14 13 12 11 10 20 19 18 17 16 15

C: reduced dof-dof matrix
--------
 x      |
 xx     |
 xxx    |
 xxxx   |
 xxxxx  |
 xxxxxx |
--------

C_rownnz              1 2 3 4 5 6

C_rowadr              0 1 3 6 10 15

C_colind              0 0 1 0 1 2 0 1 2 3 0 1 2 3 4 0 1 2 3 4 5

mapM2C                0 2 1 5 4 3 9 8 7 6 14 13 12 11 10 20 19 18 17 16 15

D: dof-dof matrix
--------
 Dxxxxx |
 xDxxxx |
 xxDxxx |
 xxxDxx |
 xxxxDx |
 xxxxxD |
--------

D_rownnz              6 6 6 6 6 6

D_rowadr              0 6 12 18 24 30

D_colind              0 1 2 3 4 5 0 1 2 3 4 5 0 1 2 3 4 5 0 1 2 3 4 5 0 1 2 3 4 5 0 1 2 3 4 5

mapM2D                0 2 5 9 14 20 2 1 4 8 13 19 5 4 3 7 12 18 9 8 7 6 11 17 14 13 12 11 10 16 20 19 18 17 16 15

mapD2M                0 7 6 14 13 12 21 20 19 18 28 27 26 25 24 35 34 33 32 31 30

QDERIV
     0: -5.1e+02    1:  0          2:  0          3:  0          4:  0          5:  0       
     0:  0          1: -5.1e+02    2:  0          3:  0          4:  0          5:  0       
     0:  0          1:  0          2: -5e+02      3:  0          4:  0          5:  0       
     0:  0          1:  0          2:  0          3: -5e+02      4:  0          5:  0       
     0:  0          1:  0          2:  0          3:  0          4: -5e+02      5:  0       
     0:  0          1:  0          2:  0          3:  0          4:  0          5: -5e+02   

CONTACT
  0:
     dim           3
     geoms         floor : 7
     exclude       0
     efc_address   0
     solref         0.02      1       
     solimp         0.9       0.95      0.001     0.5       2       
     dist          -0.027   
     includemargin  0       
     pos            0         0        -0.013   
     frame          0         0         1         1         0         0         0         1         0       
     friction       1         1         0.005     0.0001    0.0001  
     mu             1       

EFC_TYPE
  6
  6
  6
  6

EFC_ID
  0
  0
  0
  0

EFC_J
   0         0         0         0         0         0       
   0         0         0         0         0         0       
   0         0         0         0         0         0       
   0         0         0         0         0         0       

EFC_POS
  -0.027   
  -0.027   
  -0.027   
  -0.027   

EFC_MARGIN
   0       
   0       
   0       
   0       

EFC_FRICTIONLOSS
   0       
   0       
   0       
   0       

EFC_DIAGAPPROX
   3.8e-14 
   3.8e-14 
   3.8e-14 
   3.8e-14 

EFC_KBIP
   2.8e+03   1.1e+02   0.95      0       
   2.8e+03   1.1e+02   0.95      0       
   2.8e+03   1.1e+02   0.95      0       
   2.8e+03   1.1e+02   0.95      0       

EFC_D
   5e+14   
   5e+14   
   5e+14   
   5e+14   

EFC_R
   2e-15   
   2e-15   
   2e-15   
   2e-15   

ACTUATOR_VELOCITY
  -0.01    
  -0.031   
  -0.0092  
  -0.0059  
   0.0071  
   4.4e-10 

CVEL
   0         0         0         0         0         0       
   0         0         0         0         0         0       
   0         0        -0.01     -0.0011    0.00018   0       
  -0.0088    0.03     -0.01      0.0091    0.0032    0.0015  
  -0.011     0.038    -0.01      0.0069    0.0026    0.00042 
  -0.013     0.044    -0.01      0.0024    0.0012    0.00073 
  -0.019     0.042    -0.0071    0.0037   -0.0039    0.00023 
  -0.019     0.042    -0.0071    0.0037   -0.0039    0.00023 

CDOF_DOT
   0         0         0         0         0         0       
  -0.0099   -0.0029   -0        -0.001     0.0034    0.00099 
  -0.0099   -0.0029    3.5e-18   0.0054   -0.001    -0.017   
  -0.0099   -0.0029   -1.7e-18   0.00069  -0.0083   -0.039   
   0.017     0.015     0.041    -0.0097   -0.0044    0.002   
  -0.0017   -0.00014   0.0037    0.0043   -0.0048   -0.041   

QFRC_BIAS
   0.00078 
  -15      
   7.5     
  -2.3     
   0.16    
   1.1e-09 

QFRC_SPRING
   0       
   0       
   0       
   0       
   0       
   0       

QFRC_DAMPER
   0.1     
   0.31    
   0.046   
   0.012   
  -0.014   
  -8.8e-10 

QFRC_GRAVCOMP
   0       
   0       
   0       
   0       
   0       
   0       

QFRC_FLUID
   0       
   0       
   0       
   0       
   0       
   0       

QFRC_PASSIVE
   0.1     
   0.31    
   0.046   
   0.012   
  -0.014   
  -8.8e-10 

EFC_VEL
   0       
   0       
   0       
   0       

EFC_AREF
   71      
   71      
   71      
   71      

SUBTREE_LINVEL
   0         0         0       
   0         0         0       
   0         0         0       
   0         0         0       
   0         0         0       
   0         0         0       
   0         0         0       
   0         0         0       

SUBTREE_ANGMOM
   0         0         0       
   0         0         0       
   0         0         0       
   0         0         0       
   0         0         0       
   0         0         0       
   0         0         0       
   0         0         0       

ACTUATOR_FORCE
  -0.074   
  -15      
   7.5     
  -2.3     
   0.18    
   1.7e-06 

QFRC_ACTUATOR
  -0.074   
  -15      
   7.5     
  -2.3     
   0.18    
   1.7e-06 

QFRC_SMOOTH
   0.028   
   0.02    
   0.011   
   0.0011  
  -0.0004  
   1.7e-06 

QACC_SMOOTH
   0.052   
   0.013   
  -0.0062  
   0.003   
  -0.0047  
  -1.5e-05 

EFC_B
  -71      
  -71      
  -71      
  -71      

EFC_FORCE
   3.6e+16 
   3.6e+16 
   3.6e+16 
   3.6e+16 

EFC_STATE
  1
  1
  1
  1

QFRC_CONSTRAINT
   0       
   0       
   0       
   0       
   0       
   0       

QFRC_INVERSE
   0       
   0       
   0       
   0       
   0       
   0       

CACC
   0         0         0        -0        -0         9.8     
   0         0         0         0         0         9.8     
   0         0         0.052     0.0056   -0.00093   9.8     
   0.0039   -0.012     0.052     0.0015   -0.0023    9.8     
   0.0022   -0.0059    0.052    -6.5e-05  -0.0027    9.8     
   0.0031   -0.0088    0.052     0.0022   -0.002     9.8     
   0.0073   -0.0075    0.051     0.0013    0.0014    9.8     
   0.0073   -0.0074    0.051     0.0013    0.0014    9.8     

CFRC_INT
  -1.5e+16   2.5e+15   0.016     0.062    -0.074    -1.4e+17 
  -1.5e+16   2.5e+15   0.016     0.062    -0.074    -1.4e+17 
  -1.5e+16   2.5e+15   0.016     0.062    -0.074    -1.4e+17 
  -12        2         0.015     0.062    -0.074     2.1e+02 
  -1.4       0.9       0.0038   -0.024    -0.041     78      
  -3.2      -0.8       0.00071  -0.0028   -0.016     40      
  -2.1       0.59      0.00077   0.00035  -0.014     21      
  -0.35      0.00047   0.00015   0.00082  -0.001     2       

CFRC_EXT
   0         0         0         0         0         0       
   0         0         0         0         0         0       
   1.5e+16  -2.5e+15   0         0         0         1.4e+17 
   0         0         0         0         0         0       
   0         0         0         0         0         0       
   0         0         0         0         0         0       
   0         0         0         0         0         0       
   0         0         0         0         0         0       

